(kicad_pcb (version 20171130) (host pcbnew 5.1.6-1.fc32)

  (general
    (thickness 1.6)
    (drawings 16)
    (tracks 103)
    (zones 0)
    (modules 21)
    (nets 19)
  )

  (page A4)
  (layers
    (0 F.Cu signal)
    (31 B.Cu signal)
    (32 B.Adhes user hide)
    (33 F.Adhes user hide)
    (34 B.Paste user)
    (35 F.Paste user hide)
    (36 B.SilkS user)
    (37 F.SilkS user)
    (38 B.Mask user)
    (39 F.Mask user hide)
    (40 Dwgs.User user hide)
    (41 Cmts.User user hide)
    (42 Eco1.User user)
    (43 Eco2.User user)
    (44 Edge.Cuts user)
    (45 Margin user hide)
    (46 B.CrtYd user hide)
    (47 F.CrtYd user)
    (48 B.Fab user)
    (49 F.Fab user hide)
  )

  (setup
    (last_trace_width 3)
    (user_trace_width 3)
    (user_trace_width 6)
    (trace_clearance 0.2)
    (zone_clearance 1)
    (zone_45_only no)
    (trace_min 0.2)
    (via_size 0.8)
    (via_drill 0.4)
    (via_min_size 0.4)
    (via_min_drill 0.3)
    (uvia_size 0.3)
    (uvia_drill 0.1)
    (uvias_allowed no)
    (uvia_min_size 0.2)
    (uvia_min_drill 0.1)
    (edge_width 0.05)
    (segment_width 0.2)
    (pcb_text_width 0.3)
    (pcb_text_size 1.5 1.5)
    (mod_edge_width 0.12)
    (mod_text_size 1 1)
    (mod_text_width 0.15)
    (pad_size 1.524 1.524)
    (pad_drill 0.762)
    (pad_to_mask_clearance 0.05)
    (aux_axis_origin 0 0)
    (visible_elements FFFFFF7F)
    (pcbplotparams
      (layerselection 0x3ffff_ffffffff)
      (usegerberextensions false)
      (usegerberattributes true)
      (usegerberadvancedattributes true)
      (creategerberjobfile true)
      (excludeedgelayer true)
      (linewidth 0.100000)
      (plotframeref false)
      (viasonmask false)
      (mode 1)
      (useauxorigin false)
      (hpglpennumber 1)
      (hpglpenspeed 20)
      (hpglpendiameter 15.000000)
      (psnegative false)
      (psa4output false)
      (plotreference true)
      (plotvalue true)
      (plotinvisibletext false)
      (padsonsilk false)
      (subtractmaskfromsilk false)
      (outputformat 1)
      (mirror false)
      (drillshape 0)
      (scaleselection 1)
      (outputdirectory "gerber/power"))
  )

  (net 0 "")
  (net 1 GND)
  (net 2 +3V3)
  (net 3 +12V)
  (net 4 "Net-(D1-Pad1)")
  (net 5 RS485-B)
  (net 6 SPI-SCLK)
  (net 7 I2C-SCL)
  (net 8 RS485-A)
  (net 9 SPI-MISO)
  (net 10 SPI-MOSI)
  (net 11 I2C-SDA)
  (net 12 SPI-SS1)
  (net 13 SPI-SS0)
  (net 14 SPI-SS2)
  (net 15 "Net-(C5-Pad2)")
  (net 16 "Net-(F1-Pad2)")
  (net 17 "Net-(R1-Pad1)")
  (net 18 "Net-(R3-Pad1)")

  (net_class Default "This is the default net class."
    (clearance 0.2)
    (trace_width 0.25)
    (via_dia 0.8)
    (via_drill 0.4)
    (uvia_dia 0.3)
    (uvia_drill 0.1)
    (add_net +12V)
    (add_net +3V3)
    (add_net GND)
    (add_net I2C-SCL)
    (add_net I2C-SDA)
    (add_net "Net-(C5-Pad2)")
    (add_net "Net-(D1-Pad1)")
    (add_net "Net-(F1-Pad2)")
    (add_net "Net-(R1-Pad1)")
    (add_net "Net-(R3-Pad1)")
    (add_net RS485-A)
    (add_net RS485-B)
    (add_net SPI-MISO)
    (add_net SPI-MOSI)
    (add_net SPI-SCLK)
    (add_net SPI-SS0)
    (add_net SPI-SS1)
    (add_net SPI-SS2)
  )

  (module Connector_AMASS:AMASS_XT60-M_1x02_P7.20mm_Vertical (layer F.Cu) (tedit 5D6C1D36) (tstamp 5EEA3AE4)
    (at 127.5 86.5 270)
    (descr "AMASS female XT60, through hole, vertical, https://www.tme.eu/Document/2d152ced3b7a446066e6c419d84bb460/XT60%20SPEC.pdf")
    (tags "XT60 female vertical")
    (path /5EEDDF5E)
    (fp_text reference J1 (at -3.5 4.1) (layer F.SilkS)
      (effects (font (size 1 1) (thickness 0.15)))
    )
    (fp_text value Conn_01x02 (at 3.6 5.4 90) (layer F.Fab)
      (effects (font (size 1 1) (thickness 0.15)))
    )
    (fp_line (start 11.45 -4.15) (end -1.4 -4.15) (layer F.SilkS) (width 0.12))
    (fp_line (start -4.25 -1.6) (end -4.25 1.55) (layer F.SilkS) (width 0.12))
    (fp_line (start -1.4 4.15) (end 11.45 4.15) (layer F.SilkS) (width 0.12))
    (fp_line (start 11.45 4.15) (end 11.45 -4.15) (layer F.SilkS) (width 0.12))
    (fp_line (start -1.4 -4.15) (end -4.25 -1.6) (layer F.SilkS) (width 0.12))
    (fp_line (start -4.25 1.55) (end -1.4 4.15) (layer F.SilkS) (width 0.12))
    (fp_line (start 11.35 -4.05) (end -1.4 -4.05) (layer F.Fab) (width 0.12))
    (fp_line (start -1.4 -4.05) (end -4.15 -1.55) (layer F.Fab) (width 0.12))
    (fp_line (start -4.15 -1.55) (end -4.15 1.55) (layer F.Fab) (width 0.12))
    (fp_line (start -4.15 1.55) (end -1.4 4.05) (layer F.Fab) (width 0.12))
    (fp_line (start -1.4 4.05) (end 11.35 4.05) (layer F.Fab) (width 0.12))
    (fp_line (start 11.35 4.05) (end 11.35 -4.05) (layer F.Fab) (width 0.12))
    (fp_line (start 11.85 -4.6) (end 11.85 4.6) (layer F.CrtYd) (width 0.05))
    (fp_line (start 11.85 4.6) (end -1.6 4.6) (layer F.CrtYd) (width 0.05))
    (fp_line (start -1.6 4.6) (end -4.65 1.85) (layer F.CrtYd) (width 0.05))
    (fp_line (start -4.65 1.85) (end -4.65 -1.85) (layer F.CrtYd) (width 0.05))
    (fp_line (start -4.65 -1.85) (end -1.6 -4.6) (layer F.CrtYd) (width 0.05))
    (fp_line (start -1.6 -4.6) (end 11.85 -4.6) (layer F.CrtYd) (width 0.05))
    (fp_text user %R (at 3.6 0.05 90) (layer F.Fab)
      (effects (font (size 1 1) (thickness 0.15)))
    )
    (pad 2 thru_hole circle (at 7.2 0 270) (size 6 6) (drill 4.5) (layers *.Cu *.Mask)
      (net 16 "Net-(F1-Pad2)"))
    (pad 1 thru_hole roundrect (at 0 0 270) (size 6 6) (drill 4.5) (layers *.Cu *.Mask) (roundrect_rratio 0.25)
      (net 1 GND))
    (model ${KISYS3DMOD}/Connector_AMASS.3dshapes/AMASS_XT60-M_1x02_P7.2mm_Vertical.wrl
      (at (xyz 0 0 0))
      (scale (xyz 1 1 1))
      (rotate (xyz 0 0 0))
    )
  )

  (module Connector_AMASS:AMASS_XT60-F_1x02_P7.20mm_Vertical (layer F.Cu) (tedit 5D6C1D2C) (tstamp 5EEA3AFD)
    (at 177.5 113 180)
    (descr "AMASS female XT60, through hole, vertical, https://www.tme.eu/Document/2d152ced3b7a446066e6c419d84bb460/XT60%20SPEC.pdf")
    (tags "XT60 female vertical")
    (path /5EEFF2E3)
    (fp_text reference J2 (at 3.6 -5.3 180) (layer F.SilkS)
      (effects (font (size 1 1) (thickness 0.15)))
    )
    (fp_text value Conn_01x02 (at 3.6 5.4) (layer F.Fab)
      (effects (font (size 1 1) (thickness 0.15)))
    )
    (fp_line (start -1.6 -4.6) (end 11.85 -4.6) (layer F.CrtYd) (width 0.05))
    (fp_line (start -4.65 -1.85) (end -1.6 -4.6) (layer F.CrtYd) (width 0.05))
    (fp_line (start -4.65 1.85) (end -4.65 -1.85) (layer F.CrtYd) (width 0.05))
    (fp_line (start -1.6 4.6) (end -4.65 1.85) (layer F.CrtYd) (width 0.05))
    (fp_line (start 11.85 4.6) (end -1.6 4.6) (layer F.CrtYd) (width 0.05))
    (fp_line (start 11.85 -4.6) (end 11.85 4.6) (layer F.CrtYd) (width 0.05))
    (fp_line (start 11.35 4.05) (end 11.35 -4.05) (layer F.Fab) (width 0.12))
    (fp_line (start -1.4 4.05) (end 11.35 4.05) (layer F.Fab) (width 0.12))
    (fp_line (start -4.15 1.55) (end -1.4 4.05) (layer F.Fab) (width 0.12))
    (fp_line (start -4.15 -1.55) (end -4.15 1.55) (layer F.Fab) (width 0.12))
    (fp_line (start -1.4 -4.05) (end -4.15 -1.55) (layer F.Fab) (width 0.12))
    (fp_line (start 11.35 -4.05) (end -1.4 -4.05) (layer F.Fab) (width 0.12))
    (fp_line (start -4.25 1.55) (end -1.4 4.15) (layer F.SilkS) (width 0.12))
    (fp_line (start -1.4 -4.15) (end -4.25 -1.6) (layer F.SilkS) (width 0.12))
    (fp_line (start 11.45 4.15) (end 11.45 -4.15) (layer F.SilkS) (width 0.12))
    (fp_line (start -1.4 4.15) (end 11.45 4.15) (layer F.SilkS) (width 0.12))
    (fp_line (start -4.25 -1.6) (end -4.25 1.55) (layer F.SilkS) (width 0.12))
    (fp_line (start 11.45 -4.15) (end -1.4 -4.15) (layer F.SilkS) (width 0.12))
    (fp_text user %R (at 3.6 0.05) (layer F.Fab)
      (effects (font (size 1 1) (thickness 0.15)))
    )
    (pad 2 thru_hole circle (at 7.2 0 180) (size 6 6) (drill 4.5) (layers *.Cu *.Mask)
      (net 3 +12V))
    (pad 1 thru_hole roundrect (at 0 0 180) (size 6 6) (drill 4.5) (layers *.Cu *.Mask) (roundrect_rratio 0.25)
      (net 1 GND))
    (model ${KISYS3DMOD}/Connector_AMASS.3dshapes/AMASS_XT60-F_1x02_P7.2mm_Vertical.wrl
      (at (xyz 0 0 0))
      (scale (xyz 1 1 1))
      (rotate (xyz 0 0 0))
    )
  )

  (module Connector_AMASS:AMASS_XT60-F_1x02_P7.20mm_Vertical (layer F.Cu) (tedit 5D6C1D2C) (tstamp 5EEA3B16)
    (at 177.5 100.5 180)
    (descr "AMASS female XT60, through hole, vertical, https://www.tme.eu/Document/2d152ced3b7a446066e6c419d84bb460/XT60%20SPEC.pdf")
    (tags "XT60 female vertical")
    (path /5EEFF2E9)
    (fp_text reference J3 (at 3.6 -5.3 180) (layer F.SilkS)
      (effects (font (size 1 1) (thickness 0.15)))
    )
    (fp_text value Conn_01x02 (at 3.6 5.4) (layer F.Fab)
      (effects (font (size 1 1) (thickness 0.15)))
    )
    (fp_line (start 11.45 -4.15) (end -1.4 -4.15) (layer F.SilkS) (width 0.12))
    (fp_line (start -4.25 -1.6) (end -4.25 1.55) (layer F.SilkS) (width 0.12))
    (fp_line (start -1.4 4.15) (end 11.45 4.15) (layer F.SilkS) (width 0.12))
    (fp_line (start 11.45 4.15) (end 11.45 -4.15) (layer F.SilkS) (width 0.12))
    (fp_line (start -1.4 -4.15) (end -4.25 -1.6) (layer F.SilkS) (width 0.12))
    (fp_line (start -4.25 1.55) (end -1.4 4.15) (layer F.SilkS) (width 0.12))
    (fp_line (start 11.35 -4.05) (end -1.4 -4.05) (layer F.Fab) (width 0.12))
    (fp_line (start -1.4 -4.05) (end -4.15 -1.55) (layer F.Fab) (width 0.12))
    (fp_line (start -4.15 -1.55) (end -4.15 1.55) (layer F.Fab) (width 0.12))
    (fp_line (start -4.15 1.55) (end -1.4 4.05) (layer F.Fab) (width 0.12))
    (fp_line (start -1.4 4.05) (end 11.35 4.05) (layer F.Fab) (width 0.12))
    (fp_line (start 11.35 4.05) (end 11.35 -4.05) (layer F.Fab) (width 0.12))
    (fp_line (start 11.85 -4.6) (end 11.85 4.6) (layer F.CrtYd) (width 0.05))
    (fp_line (start 11.85 4.6) (end -1.6 4.6) (layer F.CrtYd) (width 0.05))
    (fp_line (start -1.6 4.6) (end -4.65 1.85) (layer F.CrtYd) (width 0.05))
    (fp_line (start -4.65 1.85) (end -4.65 -1.85) (layer F.CrtYd) (width 0.05))
    (fp_line (start -4.65 -1.85) (end -1.6 -4.6) (layer F.CrtYd) (width 0.05))
    (fp_line (start -1.6 -4.6) (end 11.85 -4.6) (layer F.CrtYd) (width 0.05))
    (fp_text user %R (at 3.6 0.05) (layer F.Fab)
      (effects (font (size 1 1) (thickness 0.15)))
    )
    (pad 1 thru_hole roundrect (at 0 0 180) (size 6 6) (drill 4.5) (layers *.Cu *.Mask) (roundrect_rratio 0.25)
      (net 1 GND))
    (pad 2 thru_hole circle (at 7.2 0 180) (size 6 6) (drill 4.5) (layers *.Cu *.Mask)
      (net 3 +12V))
    (model ${KISYS3DMOD}/Connector_AMASS.3dshapes/AMASS_XT60-F_1x02_P7.2mm_Vertical.wrl
      (at (xyz 0 0 0))
      (scale (xyz 1 1 1))
      (rotate (xyz 0 0 0))
    )
  )

  (module Connector_AMASS:AMASS_XT60-F_1x02_P7.20mm_Vertical (layer F.Cu) (tedit 5D6C1D2C) (tstamp 5EEA3B2F)
    (at 177.5 88.5 180)
    (descr "AMASS female XT60, through hole, vertical, https://www.tme.eu/Document/2d152ced3b7a446066e6c419d84bb460/XT60%20SPEC.pdf")
    (tags "XT60 female vertical")
    (path /5EEFF2EF)
    (fp_text reference J4 (at 3.6 -5.3 180) (layer F.SilkS)
      (effects (font (size 1 1) (thickness 0.15)))
    )
    (fp_text value Conn_01x02 (at 3.6 5.4) (layer F.Fab)
      (effects (font (size 1 1) (thickness 0.15)))
    )
    (fp_line (start -1.6 -4.6) (end 11.85 -4.6) (layer F.CrtYd) (width 0.05))
    (fp_line (start -4.65 -1.85) (end -1.6 -4.6) (layer F.CrtYd) (width 0.05))
    (fp_line (start -4.65 1.85) (end -4.65 -1.85) (layer F.CrtYd) (width 0.05))
    (fp_line (start -1.6 4.6) (end -4.65 1.85) (layer F.CrtYd) (width 0.05))
    (fp_line (start 11.85 4.6) (end -1.6 4.6) (layer F.CrtYd) (width 0.05))
    (fp_line (start 11.85 -4.6) (end 11.85 4.6) (layer F.CrtYd) (width 0.05))
    (fp_line (start 11.35 4.05) (end 11.35 -4.05) (layer F.Fab) (width 0.12))
    (fp_line (start -1.4 4.05) (end 11.35 4.05) (layer F.Fab) (width 0.12))
    (fp_line (start -4.15 1.55) (end -1.4 4.05) (layer F.Fab) (width 0.12))
    (fp_line (start -4.15 -1.55) (end -4.15 1.55) (layer F.Fab) (width 0.12))
    (fp_line (start -1.4 -4.05) (end -4.15 -1.55) (layer F.Fab) (width 0.12))
    (fp_line (start 11.35 -4.05) (end -1.4 -4.05) (layer F.Fab) (width 0.12))
    (fp_line (start -4.25 1.55) (end -1.4 4.15) (layer F.SilkS) (width 0.12))
    (fp_line (start -1.4 -4.15) (end -4.25 -1.6) (layer F.SilkS) (width 0.12))
    (fp_line (start 11.45 4.15) (end 11.45 -4.15) (layer F.SilkS) (width 0.12))
    (fp_line (start -1.4 4.15) (end 11.45 4.15) (layer F.SilkS) (width 0.12))
    (fp_line (start -4.25 -1.6) (end -4.25 1.55) (layer F.SilkS) (width 0.12))
    (fp_line (start 11.45 -4.15) (end -1.4 -4.15) (layer F.SilkS) (width 0.12))
    (fp_text user %R (at 3.6 0.05) (layer F.Fab)
      (effects (font (size 1 1) (thickness 0.15)))
    )
    (pad 2 thru_hole circle (at 7.2 0 180) (size 6 6) (drill 4.5) (layers *.Cu *.Mask)
      (net 3 +12V))
    (pad 1 thru_hole roundrect (at 0 0 180) (size 6 6) (drill 4.5) (layers *.Cu *.Mask) (roundrect_rratio 0.25)
      (net 1 GND))
    (model ${KISYS3DMOD}/Connector_AMASS.3dshapes/AMASS_XT60-F_1x02_P7.2mm_Vertical.wrl
      (at (xyz 0 0 0))
      (scale (xyz 1 1 1))
      (rotate (xyz 0 0 0))
    )
  )

  (module Package_TO_SOT_SMD:TO-263-5_TabPin3 (layer F.Cu) (tedit 5A70FBB6) (tstamp 5EEA3B86)
    (at 136 110.175 90)
    (descr "TO-263 / D2PAK / DDPAK SMD package, http://www.infineon.com/cms/en/product/packages/PG-TO263/PG-TO263-5-1/")
    (tags "D2PAK DDPAK TO-263 D2PAK-5 TO-263-5 SOT-426")
    (path /5EEDDF06)
    (attr smd)
    (fp_text reference U1 (at 9.475 -4.4 180) (layer F.SilkS)
      (effects (font (size 1 1) (thickness 0.15)))
    )
    (fp_text value LM2595S-3.3 (at 0 6.65 90) (layer F.Fab)
      (effects (font (size 1 1) (thickness 0.15)))
    )
    (fp_line (start 8.32 -5.65) (end -8.32 -5.65) (layer F.CrtYd) (width 0.05))
    (fp_line (start 8.32 5.65) (end 8.32 -5.65) (layer F.CrtYd) (width 0.05))
    (fp_line (start -8.32 5.65) (end 8.32 5.65) (layer F.CrtYd) (width 0.05))
    (fp_line (start -8.32 -5.65) (end -8.32 5.65) (layer F.CrtYd) (width 0.05))
    (fp_line (start -2.95 4.25) (end -4.05 4.25) (layer F.SilkS) (width 0.12))
    (fp_line (start -2.95 5.2) (end -2.95 4.25) (layer F.SilkS) (width 0.12))
    (fp_line (start -1.45 5.2) (end -2.95 5.2) (layer F.SilkS) (width 0.12))
    (fp_line (start -2.95 -4.25) (end -8.075 -4.25) (layer F.SilkS) (width 0.12))
    (fp_line (start -2.95 -5.2) (end -2.95 -4.25) (layer F.SilkS) (width 0.12))
    (fp_line (start -1.45 -5.2) (end -2.95 -5.2) (layer F.SilkS) (width 0.12))
    (fp_line (start -7.45 3.8) (end -2.75 3.8) (layer F.Fab) (width 0.1))
    (fp_line (start -7.45 3) (end -7.45 3.8) (layer F.Fab) (width 0.1))
    (fp_line (start -2.75 3) (end -7.45 3) (layer F.Fab) (width 0.1))
    (fp_line (start -7.45 2.1) (end -2.75 2.1) (layer F.Fab) (width 0.1))
    (fp_line (start -7.45 1.3) (end -7.45 2.1) (layer F.Fab) (width 0.1))
    (fp_line (start -2.75 1.3) (end -7.45 1.3) (layer F.Fab) (width 0.1))
    (fp_line (start -7.45 0.4) (end -2.75 0.4) (layer F.Fab) (width 0.1))
    (fp_line (start -7.45 -0.4) (end -7.45 0.4) (layer F.Fab) (width 0.1))
    (fp_line (start -2.75 -0.4) (end -7.45 -0.4) (layer F.Fab) (width 0.1))
    (fp_line (start -7.45 -1.3) (end -2.75 -1.3) (layer F.Fab) (width 0.1))
    (fp_line (start -7.45 -2.1) (end -7.45 -1.3) (layer F.Fab) (width 0.1))
    (fp_line (start -2.75 -2.1) (end -7.45 -2.1) (layer F.Fab) (width 0.1))
    (fp_line (start -7.45 -3) (end -2.75 -3) (layer F.Fab) (width 0.1))
    (fp_line (start -7.45 -3.8) (end -7.45 -3) (layer F.Fab) (width 0.1))
    (fp_line (start -2.75 -3.8) (end -7.45 -3.8) (layer F.Fab) (width 0.1))
    (fp_line (start -1.75 -5) (end 6.5 -5) (layer F.Fab) (width 0.1))
    (fp_line (start -2.75 -4) (end -1.75 -5) (layer F.Fab) (width 0.1))
    (fp_line (start -2.75 5) (end -2.75 -4) (layer F.Fab) (width 0.1))
    (fp_line (start 6.5 5) (end -2.75 5) (layer F.Fab) (width 0.1))
    (fp_line (start 6.5 -5) (end 6.5 5) (layer F.Fab) (width 0.1))
    (fp_line (start 7.5 5) (end 6.5 5) (layer F.Fab) (width 0.1))
    (fp_line (start 7.5 -5) (end 7.5 5) (layer F.Fab) (width 0.1))
    (fp_line (start 6.5 -5) (end 7.5 -5) (layer F.Fab) (width 0.1))
    (fp_text user %R (at 0 0 90) (layer F.Fab)
      (effects (font (size 1 1) (thickness 0.15)))
    )
    (pad 1 smd rect (at -5.775 -3.4 90) (size 4.6 1.1) (layers F.Cu F.Paste F.Mask)
      (net 4 "Net-(D1-Pad1)"))
    (pad 2 smd rect (at -5.775 -1.7 90) (size 4.6 1.1) (layers F.Cu F.Paste F.Mask)
      (net 3 +12V))
    (pad 3 smd rect (at -5.775 0 90) (size 4.6 1.1) (layers F.Cu F.Paste F.Mask)
      (net 1 GND))
    (pad 4 smd rect (at -5.775 1.7 90) (size 4.6 1.1) (layers F.Cu F.Paste F.Mask)
      (net 2 +3V3))
    (pad 5 smd rect (at -5.775 3.4 90) (size 4.6 1.1) (layers F.Cu F.Paste F.Mask)
      (net 1 GND))
    (pad 3 smd rect (at 3.375 0 90) (size 9.4 10.8) (layers F.Cu F.Mask)
      (net 1 GND))
    (pad "" smd rect (at 5.8 2.775 90) (size 4.55 5.25) (layers F.Paste))
    (pad "" smd rect (at 0.95 -2.775 90) (size 4.55 5.25) (layers F.Paste))
    (pad "" smd rect (at 5.8 -2.775 90) (size 4.55 5.25) (layers F.Paste))
    (pad "" smd rect (at 0.95 2.775 90) (size 4.55 5.25) (layers F.Paste))
    (model ${KISYS3DMOD}/Package_TO_SOT_SMD.3dshapes/TO-263-5_TabPin3.wrl
      (at (xyz 0 0 0))
      (scale (xyz 1 1 1))
      (rotate (xyz 0 0 0))
    )
  )

  (module Connector_IDC:IDC-Header_2x06_P2.54mm_Vertical (layer F.Cu) (tedit 5EAC9A07) (tstamp 5EEA43AC)
    (at 141.1 87.3 90)
    (descr "Through hole IDC box header, 2x06, 2.54mm pitch, DIN 41651 / IEC 60603-13, double rows, https://docs.google.com/spreadsheets/d/16SsEcesNF15N3Lb4niX7dcUr-NY5_MFPQhobNuNppn4/edit#gid=0")
    (tags "Through hole vertical IDC box header THT 2x06 2.54mm double row")
    (path /5EEA6CC9)
    (fp_text reference J5 (at 1.3 -6.8 180) (layer F.SilkS)
      (effects (font (size 1 1) (thickness 0.15)))
    )
    (fp_text value Conn_02x06_Odd_Even (at 1.27 18.8 90) (layer F.Fab)
      (effects (font (size 1 1) (thickness 0.15)))
    )
    (fp_line (start 6.22 -5.6) (end -3.68 -5.6) (layer F.CrtYd) (width 0.05))
    (fp_line (start 6.22 18.3) (end 6.22 -5.6) (layer F.CrtYd) (width 0.05))
    (fp_line (start -3.68 18.3) (end 6.22 18.3) (layer F.CrtYd) (width 0.05))
    (fp_line (start -3.68 -5.6) (end -3.68 18.3) (layer F.CrtYd) (width 0.05))
    (fp_line (start -4.68 0.5) (end -3.68 0) (layer F.SilkS) (width 0.12))
    (fp_line (start -4.68 -0.5) (end -4.68 0.5) (layer F.SilkS) (width 0.12))
    (fp_line (start -3.68 0) (end -4.68 -0.5) (layer F.SilkS) (width 0.12))
    (fp_line (start -1.98 8.4) (end -3.29 8.4) (layer F.SilkS) (width 0.12))
    (fp_line (start -1.98 8.4) (end -1.98 8.4) (layer F.SilkS) (width 0.12))
    (fp_line (start -1.98 16.61) (end -1.98 8.4) (layer F.SilkS) (width 0.12))
    (fp_line (start 4.52 16.61) (end -1.98 16.61) (layer F.SilkS) (width 0.12))
    (fp_line (start 4.52 -3.91) (end 4.52 16.61) (layer F.SilkS) (width 0.12))
    (fp_line (start -1.98 -3.91) (end 4.52 -3.91) (layer F.SilkS) (width 0.12))
    (fp_line (start -1.98 4.3) (end -1.98 -3.91) (layer F.SilkS) (width 0.12))
    (fp_line (start -3.29 4.3) (end -1.98 4.3) (layer F.SilkS) (width 0.12))
    (fp_line (start -3.29 17.91) (end -3.29 -5.21) (layer F.SilkS) (width 0.12))
    (fp_line (start 5.83 17.91) (end -3.29 17.91) (layer F.SilkS) (width 0.12))
    (fp_line (start 5.83 -5.21) (end 5.83 17.91) (layer F.SilkS) (width 0.12))
    (fp_line (start -3.29 -5.21) (end 5.83 -5.21) (layer F.SilkS) (width 0.12))
    (fp_line (start -1.98 8.4) (end -3.18 8.4) (layer F.Fab) (width 0.1))
    (fp_line (start -1.98 8.4) (end -1.98 8.4) (layer F.Fab) (width 0.1))
    (fp_line (start -1.98 16.61) (end -1.98 8.4) (layer F.Fab) (width 0.1))
    (fp_line (start 4.52 16.61) (end -1.98 16.61) (layer F.Fab) (width 0.1))
    (fp_line (start 4.52 -3.91) (end 4.52 16.61) (layer F.Fab) (width 0.1))
    (fp_line (start -1.98 -3.91) (end 4.52 -3.91) (layer F.Fab) (width 0.1))
    (fp_line (start -1.98 4.3) (end -1.98 -3.91) (layer F.Fab) (width 0.1))
    (fp_line (start -3.18 4.3) (end -1.98 4.3) (layer F.Fab) (width 0.1))
    (fp_line (start -3.18 17.8) (end -3.18 -4.1) (layer F.Fab) (width 0.1))
    (fp_line (start 5.72 17.8) (end -3.18 17.8) (layer F.Fab) (width 0.1))
    (fp_line (start 5.72 -5.1) (end 5.72 17.8) (layer F.Fab) (width 0.1))
    (fp_line (start -2.18 -5.1) (end 5.72 -5.1) (layer F.Fab) (width 0.1))
    (fp_line (start -3.18 -4.1) (end -2.18 -5.1) (layer F.Fab) (width 0.1))
    (fp_text user %R (at 1.27 6.35) (layer F.Fab)
      (effects (font (size 1 1) (thickness 0.15)))
    )
    (pad 1 thru_hole roundrect (at 0 0 90) (size 1.7 1.7) (drill 1) (layers *.Cu *.Mask) (roundrect_rratio 0.147059)
      (net 1 GND))
    (pad 3 thru_hole circle (at 0 2.54 90) (size 1.7 1.7) (drill 1) (layers *.Cu *.Mask)
      (net 11 I2C-SDA))
    (pad 5 thru_hole circle (at 0 5.08 90) (size 1.7 1.7) (drill 1) (layers *.Cu *.Mask)
      (net 8 RS485-A))
    (pad 7 thru_hole circle (at 0 7.62 90) (size 1.7 1.7) (drill 1) (layers *.Cu *.Mask)
      (net 10 SPI-MOSI))
    (pad 9 thru_hole circle (at 0 10.16 90) (size 1.7 1.7) (drill 1) (layers *.Cu *.Mask)
      (net 9 SPI-MISO))
    (pad 11 thru_hole circle (at 0 12.7 90) (size 1.7 1.7) (drill 1) (layers *.Cu *.Mask)
      (net 12 SPI-SS1))
    (pad 2 thru_hole circle (at 2.54 0 90) (size 1.7 1.7) (drill 1) (layers *.Cu *.Mask)
      (net 2 +3V3))
    (pad 4 thru_hole circle (at 2.54 2.54 90) (size 1.7 1.7) (drill 1) (layers *.Cu *.Mask)
      (net 7 I2C-SCL))
    (pad 6 thru_hole circle (at 2.54 5.08 90) (size 1.7 1.7) (drill 1) (layers *.Cu *.Mask)
      (net 5 RS485-B))
    (pad 8 thru_hole circle (at 2.54 7.62 90) (size 1.7 1.7) (drill 1) (layers *.Cu *.Mask)
      (net 6 SPI-SCLK))
    (pad 10 thru_hole circle (at 2.54 10.16 90) (size 1.7 1.7) (drill 1) (layers *.Cu *.Mask)
      (net 13 SPI-SS0))
    (pad 12 thru_hole circle (at 2.54 12.7 90) (size 1.7 1.7) (drill 1) (layers *.Cu *.Mask)
      (net 14 SPI-SS2))
    (model ${KISYS3DMOD}/Connector_IDC.3dshapes/IDC-Header_2x06_P2.54mm_Vertical.wrl
      (at (xyz 0 0 0))
      (scale (xyz 1 1 1))
      (rotate (xyz 0 0 0))
    )
  )

  (module Capacitor_SMD:C_0805_2012Metric_Pad1.15x1.40mm_HandSolder (layer F.Cu) (tedit 5B36C52B) (tstamp 5EEF2D55)
    (at 149 114 270)
    (descr "Capacitor SMD 0805 (2012 Metric), square (rectangular) end terminal, IPC_7351 nominal with elongated pad for handsoldering. (Body size source: https://docs.google.com/spreadsheets/d/1BsfQQcO9C6DZCsRaXUlFlo91Tg2WpOkGARC1WS5S8t0/edit?usp=sharing), generated with kicad-footprint-generator")
    (tags "capacitor handsolder")
    (path /5EF45CB2)
    (attr smd)
    (fp_text reference C3 (at 3 0 90) (layer F.SilkS)
      (effects (font (size 1 1) (thickness 0.15)))
    )
    (fp_text value 10uF (at 0 1.65 90) (layer F.Fab)
      (effects (font (size 1 1) (thickness 0.15)))
    )
    (fp_line (start -1 0.6) (end -1 -0.6) (layer F.Fab) (width 0.1))
    (fp_line (start -1 -0.6) (end 1 -0.6) (layer F.Fab) (width 0.1))
    (fp_line (start 1 -0.6) (end 1 0.6) (layer F.Fab) (width 0.1))
    (fp_line (start 1 0.6) (end -1 0.6) (layer F.Fab) (width 0.1))
    (fp_line (start -0.261252 -0.71) (end 0.261252 -0.71) (layer F.SilkS) (width 0.12))
    (fp_line (start -0.261252 0.71) (end 0.261252 0.71) (layer F.SilkS) (width 0.12))
    (fp_line (start -1.85 0.95) (end -1.85 -0.95) (layer F.CrtYd) (width 0.05))
    (fp_line (start -1.85 -0.95) (end 1.85 -0.95) (layer F.CrtYd) (width 0.05))
    (fp_line (start 1.85 -0.95) (end 1.85 0.95) (layer F.CrtYd) (width 0.05))
    (fp_line (start 1.85 0.95) (end -1.85 0.95) (layer F.CrtYd) (width 0.05))
    (fp_text user %R (at 0 0 90) (layer F.Fab)
      (effects (font (size 0.5 0.5) (thickness 0.08)))
    )
    (pad 2 smd roundrect (at 1.025 0 270) (size 1.15 1.4) (layers F.Cu F.Paste F.Mask) (roundrect_rratio 0.217391)
      (net 1 GND))
    (pad 1 smd roundrect (at -1.025 0 270) (size 1.15 1.4) (layers F.Cu F.Paste F.Mask) (roundrect_rratio 0.217391)
      (net 2 +3V3))
    (model ${KISYS3DMOD}/Capacitor_SMD.3dshapes/C_0805_2012Metric.wrl
      (at (xyz 0 0 0))
      (scale (xyz 1 1 1))
      (rotate (xyz 0 0 0))
    )
  )

  (module Capacitor_SMD:C_0805_2012Metric_Pad1.15x1.40mm_HandSolder (layer F.Cu) (tedit 5B36C52B) (tstamp 5EEF2D66)
    (at 146 114 270)
    (descr "Capacitor SMD 0805 (2012 Metric), square (rectangular) end terminal, IPC_7351 nominal with elongated pad for handsoldering. (Body size source: https://docs.google.com/spreadsheets/d/1BsfQQcO9C6DZCsRaXUlFlo91Tg2WpOkGARC1WS5S8t0/edit?usp=sharing), generated with kicad-footprint-generator")
    (tags "capacitor handsolder")
    (path /5EF462E0)
    (attr smd)
    (fp_text reference C4 (at 3 0.1 90) (layer F.SilkS)
      (effects (font (size 1 1) (thickness 0.15)))
    )
    (fp_text value 0.1uF (at 0 1.65 90) (layer F.Fab)
      (effects (font (size 1 1) (thickness 0.15)))
    )
    (fp_line (start 1.85 0.95) (end -1.85 0.95) (layer F.CrtYd) (width 0.05))
    (fp_line (start 1.85 -0.95) (end 1.85 0.95) (layer F.CrtYd) (width 0.05))
    (fp_line (start -1.85 -0.95) (end 1.85 -0.95) (layer F.CrtYd) (width 0.05))
    (fp_line (start -1.85 0.95) (end -1.85 -0.95) (layer F.CrtYd) (width 0.05))
    (fp_line (start -0.261252 0.71) (end 0.261252 0.71) (layer F.SilkS) (width 0.12))
    (fp_line (start -0.261252 -0.71) (end 0.261252 -0.71) (layer F.SilkS) (width 0.12))
    (fp_line (start 1 0.6) (end -1 0.6) (layer F.Fab) (width 0.1))
    (fp_line (start 1 -0.6) (end 1 0.6) (layer F.Fab) (width 0.1))
    (fp_line (start -1 -0.6) (end 1 -0.6) (layer F.Fab) (width 0.1))
    (fp_line (start -1 0.6) (end -1 -0.6) (layer F.Fab) (width 0.1))
    (fp_text user %R (at 0 0 90) (layer F.Fab)
      (effects (font (size 0.5 0.5) (thickness 0.08)))
    )
    (pad 1 smd roundrect (at -1.025 0 270) (size 1.15 1.4) (layers F.Cu F.Paste F.Mask) (roundrect_rratio 0.217391)
      (net 2 +3V3))
    (pad 2 smd roundrect (at 1.025 0 270) (size 1.15 1.4) (layers F.Cu F.Paste F.Mask) (roundrect_rratio 0.217391)
      (net 1 GND))
    (model ${KISYS3DMOD}/Capacitor_SMD.3dshapes/C_0805_2012Metric.wrl
      (at (xyz 0 0 0))
      (scale (xyz 1 1 1))
      (rotate (xyz 0 0 0))
    )
  )

  (module Capacitor_SMD:C_0805_2012Metric_Pad1.15x1.40mm_HandSolder (layer F.Cu) (tedit 5B36C52B) (tstamp 5EEF2D77)
    (at 154 111 90)
    (descr "Capacitor SMD 0805 (2012 Metric), square (rectangular) end terminal, IPC_7351 nominal with elongated pad for handsoldering. (Body size source: https://docs.google.com/spreadsheets/d/1BsfQQcO9C6DZCsRaXUlFlo91Tg2WpOkGARC1WS5S8t0/edit?usp=sharing), generated with kicad-footprint-generator")
    (tags "capacitor handsolder")
    (path /5EF37E92)
    (attr smd)
    (fp_text reference C5 (at 0 -1.65 90) (layer F.SilkS)
      (effects (font (size 1 1) (thickness 0.15)))
    )
    (fp_text value 0.1uF (at 0 1.65 90) (layer F.Fab)
      (effects (font (size 1 1) (thickness 0.15)))
    )
    (fp_line (start 1.85 0.95) (end -1.85 0.95) (layer F.CrtYd) (width 0.05))
    (fp_line (start 1.85 -0.95) (end 1.85 0.95) (layer F.CrtYd) (width 0.05))
    (fp_line (start -1.85 -0.95) (end 1.85 -0.95) (layer F.CrtYd) (width 0.05))
    (fp_line (start -1.85 0.95) (end -1.85 -0.95) (layer F.CrtYd) (width 0.05))
    (fp_line (start -0.261252 0.71) (end 0.261252 0.71) (layer F.SilkS) (width 0.12))
    (fp_line (start -0.261252 -0.71) (end 0.261252 -0.71) (layer F.SilkS) (width 0.12))
    (fp_line (start 1 0.6) (end -1 0.6) (layer F.Fab) (width 0.1))
    (fp_line (start 1 -0.6) (end 1 0.6) (layer F.Fab) (width 0.1))
    (fp_line (start -1 -0.6) (end 1 -0.6) (layer F.Fab) (width 0.1))
    (fp_line (start -1 0.6) (end -1 -0.6) (layer F.Fab) (width 0.1))
    (fp_text user %R (at 0 0 90) (layer F.Fab)
      (effects (font (size 0.5 0.5) (thickness 0.08)))
    )
    (pad 1 smd roundrect (at -1.025 0 90) (size 1.15 1.4) (layers F.Cu F.Paste F.Mask) (roundrect_rratio 0.217391)
      (net 3 +12V))
    (pad 2 smd roundrect (at 1.025 0 90) (size 1.15 1.4) (layers F.Cu F.Paste F.Mask) (roundrect_rratio 0.217391)
      (net 15 "Net-(C5-Pad2)"))
    (model ${KISYS3DMOD}/Capacitor_SMD.3dshapes/C_0805_2012Metric.wrl
      (at (xyz 0 0 0))
      (scale (xyz 1 1 1))
      (rotate (xyz 0 0 0))
    )
  )

  (module Fuse:Fuseholder_Cylinder-5x20mm_Schurter_0031_8201_Horizontal_Open (layer F.Cu) (tedit 5D717D34) (tstamp 5EEF2D8D)
    (at 158.7 96.3 180)
    (descr "Fuseholder horizontal open, 5x20mm, 500V, 16A, Schurter 0031.8201, https://us.schurter.com/bundles/snceschurter/epim/_ProdPool_/newDS/en/typ_OGN.pdf")
    (tags "Fuseholder horizontal open 5x20 Schurter 0031.8201")
    (path /5EEFCFCC)
    (fp_text reference F1 (at -1.4 4.4) (layer F.SilkS)
      (effects (font (size 1 1) (thickness 0.15)))
    )
    (fp_text value Fuse (at 11.25 6) (layer F.Fab)
      (effects (font (size 1 1) (thickness 0.15)))
    )
    (fp_line (start -0.11 4.91) (end -0.11 1.75) (layer F.SilkS) (width 0.12))
    (fp_line (start 24.25 -5.05) (end 24.25 5.05) (layer F.CrtYd) (width 0.05))
    (fp_line (start -0.11 4.91) (end 22.61 4.91) (layer F.SilkS) (width 0.12))
    (fp_line (start -1.75 -5.05) (end 24.25 -5.05) (layer F.CrtYd) (width 0.05))
    (fp_line (start 24.25 5.05) (end -1.75 5.05) (layer F.CrtYd) (width 0.05))
    (fp_line (start -0.11 -4.91) (end 22.61 -4.91) (layer F.SilkS) (width 0.12))
    (fp_line (start -0.11 -1.75) (end -0.11 -4.91) (layer F.SilkS) (width 0.12))
    (fp_line (start 22.61 -1.75) (end 22.61 -4.91) (layer F.SilkS) (width 0.12))
    (fp_line (start 22.61 4.91) (end 22.61 1.75) (layer F.SilkS) (width 0.12))
    (fp_line (start -1.75 5.05) (end -1.75 -5.05) (layer F.CrtYd) (width 0.05))
    (fp_line (start 22.5 -4.8) (end 0 -4.8) (layer F.Fab) (width 0.1))
    (fp_line (start 22.5 4.8) (end 22.5 -4.8) (layer F.Fab) (width 0.1))
    (fp_line (start 0 4.8) (end 22.5 4.8) (layer F.Fab) (width 0.1))
    (fp_line (start 0 -4.8) (end 0 4.8) (layer F.Fab) (width 0.1))
    (fp_text user %R (at 11.25 4) (layer F.Fab)
      (effects (font (size 1 1) (thickness 0.15)))
    )
    (pad 1 thru_hole circle (at 0 0 180) (size 3 3) (drill 1.3) (layers *.Cu *.Mask)
      (net 15 "Net-(C5-Pad2)"))
    (pad 2 thru_hole circle (at 22.5 0 180) (size 3 3) (drill 1.3) (layers *.Cu *.Mask)
      (net 16 "Net-(F1-Pad2)"))
    (pad "" np_thru_hole circle (at 11.25 0 180) (size 2.7 2.7) (drill 2.7) (layers *.Cu *.Mask))
    (model ${KISYS3DMOD}/Fuse.3dshapes/Fuseholder_Cylinder-5x20mm_Schurter_0031_8201_Horizontal_Open.wrl
      (at (xyz 0 0 0))
      (scale (xyz 1 1 1))
      (rotate (xyz 0 0 0))
    )
  )

  (module Resistor_SMD:R_0805_2012Metric_Pad1.15x1.40mm_HandSolder (layer F.Cu) (tedit 5B36C52B) (tstamp 5EEF2D9E)
    (at 153 107.5)
    (descr "Resistor SMD 0805 (2012 Metric), square (rectangular) end terminal, IPC_7351 nominal with elongated pad for handsoldering. (Body size source: https://docs.google.com/spreadsheets/d/1BsfQQcO9C6DZCsRaXUlFlo91Tg2WpOkGARC1WS5S8t0/edit?usp=sharing), generated with kicad-footprint-generator")
    (tags "resistor handsolder")
    (path /5EF3A9A0)
    (attr smd)
    (fp_text reference R1 (at 1.3 -1.6) (layer F.SilkS)
      (effects (font (size 1 1) (thickness 0.15)))
    )
    (fp_text value 10 (at 0 1.65) (layer F.Fab)
      (effects (font (size 1 1) (thickness 0.15)))
    )
    (fp_line (start -1 0.6) (end -1 -0.6) (layer F.Fab) (width 0.1))
    (fp_line (start -1 -0.6) (end 1 -0.6) (layer F.Fab) (width 0.1))
    (fp_line (start 1 -0.6) (end 1 0.6) (layer F.Fab) (width 0.1))
    (fp_line (start 1 0.6) (end -1 0.6) (layer F.Fab) (width 0.1))
    (fp_line (start -0.261252 -0.71) (end 0.261252 -0.71) (layer F.SilkS) (width 0.12))
    (fp_line (start -0.261252 0.71) (end 0.261252 0.71) (layer F.SilkS) (width 0.12))
    (fp_line (start -1.85 0.95) (end -1.85 -0.95) (layer F.CrtYd) (width 0.05))
    (fp_line (start -1.85 -0.95) (end 1.85 -0.95) (layer F.CrtYd) (width 0.05))
    (fp_line (start 1.85 -0.95) (end 1.85 0.95) (layer F.CrtYd) (width 0.05))
    (fp_line (start 1.85 0.95) (end -1.85 0.95) (layer F.CrtYd) (width 0.05))
    (fp_text user %R (at 0 0) (layer F.Fab)
      (effects (font (size 0.5 0.5) (thickness 0.08)))
    )
    (pad 2 smd roundrect (at 1.025 0) (size 1.15 1.4) (layers F.Cu F.Paste F.Mask) (roundrect_rratio 0.217391)
      (net 15 "Net-(C5-Pad2)"))
    (pad 1 smd roundrect (at -1.025 0) (size 1.15 1.4) (layers F.Cu F.Paste F.Mask) (roundrect_rratio 0.217391)
      (net 17 "Net-(R1-Pad1)"))
    (model ${KISYS3DMOD}/Resistor_SMD.3dshapes/R_0805_2012Metric.wrl
      (at (xyz 0 0 0))
      (scale (xyz 1 1 1))
      (rotate (xyz 0 0 0))
    )
  )

  (module Resistor_SMD:R_0805_2012Metric_Pad1.15x1.40mm_HandSolder (layer F.Cu) (tedit 5B36C52B) (tstamp 5EEF2DC0)
    (at 153 114.5)
    (descr "Resistor SMD 0805 (2012 Metric), square (rectangular) end terminal, IPC_7351 nominal with elongated pad for handsoldering. (Body size source: https://docs.google.com/spreadsheets/d/1BsfQQcO9C6DZCsRaXUlFlo91Tg2WpOkGARC1WS5S8t0/edit?usp=sharing), generated with kicad-footprint-generator")
    (tags "resistor handsolder")
    (path /5EF3AE23)
    (attr smd)
    (fp_text reference R3 (at 0 1.9) (layer F.SilkS)
      (effects (font (size 1 1) (thickness 0.15)))
    )
    (fp_text value 10 (at 0 1.65) (layer F.Fab)
      (effects (font (size 1 1) (thickness 0.15)))
    )
    (fp_line (start 1.85 0.95) (end -1.85 0.95) (layer F.CrtYd) (width 0.05))
    (fp_line (start 1.85 -0.95) (end 1.85 0.95) (layer F.CrtYd) (width 0.05))
    (fp_line (start -1.85 -0.95) (end 1.85 -0.95) (layer F.CrtYd) (width 0.05))
    (fp_line (start -1.85 0.95) (end -1.85 -0.95) (layer F.CrtYd) (width 0.05))
    (fp_line (start -0.261252 0.71) (end 0.261252 0.71) (layer F.SilkS) (width 0.12))
    (fp_line (start -0.261252 -0.71) (end 0.261252 -0.71) (layer F.SilkS) (width 0.12))
    (fp_line (start 1 0.6) (end -1 0.6) (layer F.Fab) (width 0.1))
    (fp_line (start 1 -0.6) (end 1 0.6) (layer F.Fab) (width 0.1))
    (fp_line (start -1 -0.6) (end 1 -0.6) (layer F.Fab) (width 0.1))
    (fp_line (start -1 0.6) (end -1 -0.6) (layer F.Fab) (width 0.1))
    (fp_text user %R (at 0 0) (layer F.Fab)
      (effects (font (size 0.5 0.5) (thickness 0.08)))
    )
    (pad 1 smd roundrect (at -1.025 0) (size 1.15 1.4) (layers F.Cu F.Paste F.Mask) (roundrect_rratio 0.217391)
      (net 18 "Net-(R3-Pad1)"))
    (pad 2 smd roundrect (at 1.025 0) (size 1.15 1.4) (layers F.Cu F.Paste F.Mask) (roundrect_rratio 0.217391)
      (net 3 +12V))
    (model ${KISYS3DMOD}/Resistor_SMD.3dshapes/R_0805_2012Metric.wrl
      (at (xyz 0 0 0))
      (scale (xyz 1 1 1))
      (rotate (xyz 0 0 0))
    )
  )

  (module Resistor_SMD:R_0805_2012Metric_Pad1.15x1.40mm_HandSolder (layer F.Cu) (tedit 5B36C52B) (tstamp 5EEF2DD1)
    (at 142.9 114.6 270)
    (descr "Resistor SMD 0805 (2012 Metric), square (rectangular) end terminal, IPC_7351 nominal with elongated pad for handsoldering. (Body size source: https://docs.google.com/spreadsheets/d/1BsfQQcO9C6DZCsRaXUlFlo91Tg2WpOkGARC1WS5S8t0/edit?usp=sharing), generated with kicad-footprint-generator")
    (tags "resistor handsolder")
    (path /5EF5F2D1)
    (attr smd)
    (fp_text reference R4 (at -2.8 0.1 90) (layer F.SilkS)
      (effects (font (size 1 1) (thickness 0.15)))
    )
    (fp_text value 10k (at 0 1.65 90) (layer F.Fab)
      (effects (font (size 1 1) (thickness 0.15)))
    )
    (fp_line (start -1 0.6) (end -1 -0.6) (layer F.Fab) (width 0.1))
    (fp_line (start -1 -0.6) (end 1 -0.6) (layer F.Fab) (width 0.1))
    (fp_line (start 1 -0.6) (end 1 0.6) (layer F.Fab) (width 0.1))
    (fp_line (start 1 0.6) (end -1 0.6) (layer F.Fab) (width 0.1))
    (fp_line (start -0.261252 -0.71) (end 0.261252 -0.71) (layer F.SilkS) (width 0.12))
    (fp_line (start -0.261252 0.71) (end 0.261252 0.71) (layer F.SilkS) (width 0.12))
    (fp_line (start -1.85 0.95) (end -1.85 -0.95) (layer F.CrtYd) (width 0.05))
    (fp_line (start -1.85 -0.95) (end 1.85 -0.95) (layer F.CrtYd) (width 0.05))
    (fp_line (start 1.85 -0.95) (end 1.85 0.95) (layer F.CrtYd) (width 0.05))
    (fp_line (start 1.85 0.95) (end -1.85 0.95) (layer F.CrtYd) (width 0.05))
    (fp_text user %R (at 0 0 90) (layer F.Fab)
      (effects (font (size 0.5 0.5) (thickness 0.08)))
    )
    (pad 2 smd roundrect (at 1.025 0 270) (size 1.15 1.4) (layers F.Cu F.Paste F.Mask) (roundrect_rratio 0.217391)
      (net 2 +3V3))
    (pad 1 smd roundrect (at -1.025 0 270) (size 1.15 1.4) (layers F.Cu F.Paste F.Mask) (roundrect_rratio 0.217391)
      (net 11 I2C-SDA))
    (model ${KISYS3DMOD}/Resistor_SMD.3dshapes/R_0805_2012Metric.wrl
      (at (xyz 0 0 0))
      (scale (xyz 1 1 1))
      (rotate (xyz 0 0 0))
    )
  )

  (module Resistor_SMD:R_0805_2012Metric_Pad1.15x1.40mm_HandSolder (layer F.Cu) (tedit 5B36C52B) (tstamp 5EEF2DE2)
    (at 147 104.5)
    (descr "Resistor SMD 0805 (2012 Metric), square (rectangular) end terminal, IPC_7351 nominal with elongated pad for handsoldering. (Body size source: https://docs.google.com/spreadsheets/d/1BsfQQcO9C6DZCsRaXUlFlo91Tg2WpOkGARC1WS5S8t0/edit?usp=sharing), generated with kicad-footprint-generator")
    (tags "resistor handsolder")
    (path /5EF61A9F)
    (attr smd)
    (fp_text reference R5 (at -2.8 0) (layer F.SilkS)
      (effects (font (size 1 1) (thickness 0.15)))
    )
    (fp_text value 10k (at 0 1.65) (layer F.Fab)
      (effects (font (size 1 1) (thickness 0.15)))
    )
    (fp_line (start 1.85 0.95) (end -1.85 0.95) (layer F.CrtYd) (width 0.05))
    (fp_line (start 1.85 -0.95) (end 1.85 0.95) (layer F.CrtYd) (width 0.05))
    (fp_line (start -1.85 -0.95) (end 1.85 -0.95) (layer F.CrtYd) (width 0.05))
    (fp_line (start -1.85 0.95) (end -1.85 -0.95) (layer F.CrtYd) (width 0.05))
    (fp_line (start -0.261252 0.71) (end 0.261252 0.71) (layer F.SilkS) (width 0.12))
    (fp_line (start -0.261252 -0.71) (end 0.261252 -0.71) (layer F.SilkS) (width 0.12))
    (fp_line (start 1 0.6) (end -1 0.6) (layer F.Fab) (width 0.1))
    (fp_line (start 1 -0.6) (end 1 0.6) (layer F.Fab) (width 0.1))
    (fp_line (start -1 -0.6) (end 1 -0.6) (layer F.Fab) (width 0.1))
    (fp_line (start -1 0.6) (end -1 -0.6) (layer F.Fab) (width 0.1))
    (fp_text user %R (at 0 0) (layer F.Fab)
      (effects (font (size 0.5 0.5) (thickness 0.08)))
    )
    (pad 1 smd roundrect (at -1.025 0) (size 1.15 1.4) (layers F.Cu F.Paste F.Mask) (roundrect_rratio 0.217391)
      (net 7 I2C-SCL))
    (pad 2 smd roundrect (at 1.025 0) (size 1.15 1.4) (layers F.Cu F.Paste F.Mask) (roundrect_rratio 0.217391)
      (net 2 +3V3))
    (model ${KISYS3DMOD}/Resistor_SMD.3dshapes/R_0805_2012Metric.wrl
      (at (xyz 0 0 0))
      (scale (xyz 1 1 1))
      (rotate (xyz 0 0 0))
    )
  )

  (module Package_SO:SOIC-8_3.9x4.9mm_P1.27mm (layer F.Cu) (tedit 5D9F72B1) (tstamp 5EEF2DFC)
    (at 146.5 109)
    (descr "SOIC, 8 Pin (JEDEC MS-012AA, https://www.analog.com/media/en/package-pcb-resources/package/pkg_pdf/soic_narrow-r/r_8.pdf), generated with kicad-footprint-generator ipc_gullwing_generator.py")
    (tags "SOIC SO")
    (path /5EF164D7)
    (attr smd)
    (fp_text reference U2 (at -2.3 -3.2) (layer F.SilkS)
      (effects (font (size 1 1) (thickness 0.15)))
    )
    (fp_text value INA219AxD (at 0 3.4) (layer F.Fab)
      (effects (font (size 1 1) (thickness 0.15)))
    )
    (fp_line (start 3.7 -2.7) (end -3.7 -2.7) (layer F.CrtYd) (width 0.05))
    (fp_line (start 3.7 2.7) (end 3.7 -2.7) (layer F.CrtYd) (width 0.05))
    (fp_line (start -3.7 2.7) (end 3.7 2.7) (layer F.CrtYd) (width 0.05))
    (fp_line (start -3.7 -2.7) (end -3.7 2.7) (layer F.CrtYd) (width 0.05))
    (fp_line (start -1.95 -1.475) (end -0.975 -2.45) (layer F.Fab) (width 0.1))
    (fp_line (start -1.95 2.45) (end -1.95 -1.475) (layer F.Fab) (width 0.1))
    (fp_line (start 1.95 2.45) (end -1.95 2.45) (layer F.Fab) (width 0.1))
    (fp_line (start 1.95 -2.45) (end 1.95 2.45) (layer F.Fab) (width 0.1))
    (fp_line (start -0.975 -2.45) (end 1.95 -2.45) (layer F.Fab) (width 0.1))
    (fp_line (start 0 -2.56) (end -3.45 -2.56) (layer F.SilkS) (width 0.12))
